Ke 47
Se a&@"'(^+!*$)-zertyuiop[]qsdfghjklm/.<wxcvbn,;:=
sl 0 1 2 3 4 5 12 13 14 15 16 24 25 26 27 28 36 37 38 39 40 41
sr 6 7 8 9 10 11 17 18 19 20 21 22 23 29 30 31 32 33 34 35 42 43 44 45 46
vl aeiuoy
fs 0.1 0.5 1 0.75 0 0 0.75 1 0.5 0.1 
kf0 0 1 2 12 13 24 25 36 37 38
kf1 3 14 26 39
kf2 4 15 27 40
kf3 5 16 28 41
kf4 
kf5 
kf6 6 17 29 42
kf7 7 18 30 43
kf8 8 19 31 44
kf9 9 10 11 20 21 22 23 32 33 34 35 45 46
dk 4 3 2 2 2 2 2 2 2 2 3 4 2 1 1 1 1 1 1 1 1 2 3 4 1 0 0 0 0 0 0 0 0 1 2 3 3 2 1 1 1 1 1 1 1 1 2
